M = [0.8,0,0.3,0;0.2,0.9,0.2,0;0,0.1,0.4,0;0,0,0.1,1]; %%matriz de transição
esI = [1;0;0;0];

res1 = M^1
res2 = M^2
res3 = M^10
res4 = M^100