M = [0.8,0,0.3,0;0.2,0.9,0.2,0;0,0.1,0.4,0;0,0,0.1,1]; %%matriz de transiçã
Q = M(1:3,1:3);